8074767905
8076202834
8076292004
8077092549
8077081548
8076298395
8074720928
8076301796
8076278040
8076215674
8076301177
8076215598
8072519432
8074723919
8076205072
8076216961
8072515528
8076297665
8079391178
8076291153
8076203832
8076200095
5196703863
8076298959
8076201082
8077082468
8076298846
8074729612
8076291560
8076293728
8076297728
8076203629
8076271559
8073553322
8074737089
8077083521
8077090364
8077091010
8076246431
8077681711
8076213556
8076203166
8077080556
8076293318
8072523132
8076264624
8072525828
8076277716
8076275544
8076272275
8076202275
8076272275
8072521717
8074720671
8076208700
8072510684
8076273566
8076277511
8076298134
8074721867
8077082124
8076290417
8072514088
8072527182
8072516433
8076210589
8076215336
8074768027
8076272585
8076209883
8074728480
8072521005
8076213888
8076292692
8076297906
2404461931
8076278945
8076272696
8077086775
8074725050
8076274998
8076202134
8074727596
8072854802
8076205022
8076205022
8076209268
8076205022
8076294900
8072523313
8073550605
8076298158
8076293229
8502919238
5199022331
8072515082
8076201968
8077089284
8077677180
8076292879
8072510068
8076208380
8076275652
8076214794
8072512525
8077770464
8072511047
8076214864
8072853322
8076204229
8076260985
8072516657
8076282553
8074722027
8072524350
8072510740
8076319477